Parameters:
box_length	1437.49
n_particles	251
n_eqil_steps	10000000
speed_l	1
speed_u	2
density	1.4e-15
charge_density	1.5

radii,masses,position(x),position(y),position(z),velocity(x),velocity(y),velocity(z),initial high e,final high e,final low e,charge
0.644102,1.56704e-15,869.612,1275.88,1232.56,2646.39,2362.67,-1145.71,8,0,140273,-140265
0.871336,3.87948e-15,1406.69,1311.95,1015.69,1232.15,-839.057,402.51,14,0,80037,-80023
0.168302,2.79565e-17,1185.22,344.534,1366.74,-3999.21,-10186.3,-5417.77,1,0,798332,-798331
0.943362,4.92324e-15,128.144,302.813,679.591,-222.655,-227.983,501.187,17,0,48657,-48640
0.192214,4.16461e-17,637.484,557.955,846.203,4337.66,2223.18,7429.48,1,0,729484,-729483
0.964841,5.26725e-15,1367.75,780.801,1174.56,-769.951,126.542,-731.416,18,0,69586,-69568
0.353717,2.59529e-16,1000.48,353.551,797.991,2086.6,-1428.45,-2202.79,2,0,377586,-377584
0.413989,4.16085e-16,71.7047,141.829,844.632,2718.52,-2114.46,1546.63,3,0,177847,-177844
0.0640923,1.54395e-18,1406.23,842.837,1136.49,37040.5,-5563.42,-9580.8,0,0,1496223,-1496223
0.177988,3.30668e-17,271.994,29.064,74.1176,-6937.81,-2353.36,5029.44,1,0,477127,-477126
0.00405975,3.92387e-22,515.793,233.936,91.3626,-2684.91,2004.5,644.116,0,0,221229,-221229
0.0434568,4.8127e-19,1000.82,926.666,22.7288,-6442.6,-25318.5,-2280.52,0,0,802401,-802401
0.747929,2.45357e-15,1318.17,778.613,946.036,754.633,-1142.99,146.524,11,0,95118,-95107
0.961344,5.21018e-15,785.918,727.247,616.622,17.0402,783.926,-302.563,17,0,81216,-81199
0.625678,1.43638e-15,352.414,448.799,857.789,487.258,1893.27,-1202.78,7,0,126283,-126276
0.637133,1.51672e-15,1209.62,999.745,1348.59,528.656,-832.939,990.364,8,0,128791,-128783
0.329804,2.10371e-16,31.2253,309.542,32.8216,1807.73,-3161.08,-58.84,2,0,295444,-295442
0.303192,1.63445e-16,1215.62,734.835,1217.07,658.024,-935.439,2447.28,2,0,266893,-266891
0.474164,6.25175e-16,751.963,253.563,107.881,-817.508,1335.88,522.021,4,0,181741,-181737
0.0821973,3.25679e-18,1295.08,1117.84,771.403,4038.58,-16251,-24562.1,0,0,1198304,-1198304
0.485876,6.72655e-16,652.71,1182.06,455.936,-1240,264.079,-727.277,4,0,151747,-151743
0.451593,5.4008e-16,1343.05,636.648,441.029,319.779,967.563,197.01,4,0,265135,-265131
0.698455,1.99817e-15,246.817,1339.18,141.226,2439.98,-463.825,-335.376,9,0,92598,-92589
0.339682,2.29845e-16,664.819,1015.16,641.355,2012.6,1701.98,9691.71,2,0,393240,-393238
0.204807,5.03793e-17,915.778,769.95,194.383,4508.06,968.299,-7641.36,1,0,585418,-585417
0.967049,5.30349e-15,760.226,1095.59,97.1206,15.0399,-926.72,151.55,18,0,73826,-73808
0.00120401,1.02355e-23,983.975,1187.6,386.624,803.187,2505.67,8065.14,0,0,557181,-557181
0.38854,3.43973e-16,792.826,1157.55,225.251,-748.549,2406.15,-2687.25,3,0,296084,-296081
0.177982,3.30633e-17,432.802,1182.78,519.707,6064.15,10450.8,-2407.84,1,0,819727,-819726
0.0401379,3.7921e-19,598.275,26.1505,1417.19,-4100.35,-1986.98,-422.602,0,0,229179,-229179
0.00507861,7.68158e-22,911.607,225.422,392.292,-5382.5,11037.5,73.2494,0,0,613845,-613845
0.910136,4.42116e-15,38.6074,124.128,1188.26,315.48,1238.73,504.913,16,0,97085,-97069
1.05869,6.95863e-15,501.459,678.741,1390.73,-325.636,-632.84,806.995,21,0,65936,-65915
1.61695,2.47915e-14,964.911,697.418,685.042,-414.6,-111.178,-38.6346,49,0,37801,-37752
1.40311,1.61993e-14,1058.89,945.364,1260.47,400.424,-401.813,337.27,37,0,37844,-37807
1.06433,7.07037e-15,1243.06,278.579,1427.01,39.3485,-286.252,-65.0058,21,0,50642,-50621
1.28157,1.23435e-14,793.45,1074.46,274.064,169.086,-218.256,348.659,31,0,45914,-45883
1.80099,3.42571e-14,298.217,398.085,1169.2,-103.775,-32.0043,-193.335,61,0,28820,-28759
1.72365,3.00305e-14,242.795,1278.81,757.75,265.431,321.883,-310.654,56,0,29748,-29692
1.02013,6.22562e-15,344.4,213.327,1058.05,923.481,-538.287,682.153,20,0,59449,-59429
1.74371,3.10912e-14,522.31,1401.76,671.103,277.328,-169.007,139.489,57,0,33092,-33035
1.39586,1.59494e-14,743.316,714.833,784.59,34.0671,-144.867,-156.215,37,0,41814,-41777
1.52774,2.09106e-14,190.824,1198.69,898.355,-210.448,275.457,-27.1826,44,0,32925,-32881
1.07802,7.34671e-15,865.344,747.156,1140.79,-18.6998,-508.79,-1060.67,22,0,52721,-52699
1.84501,3.68307e-14,250.533,1050.55,802.662,133.171,-163.005,-201.326,64,0,27167,-27103
1.86087,3.7789e-14,516.507,1193.38,1414.87,-357.315,-15.4167,-192.199,65,0,30622,-30557
1.87862,3.88808e-14,241.815,1104.13,893.557,-206.813,-334.237,12.1618,67,0,31990,-31923
1.26977,1.20057e-14,991.799,908.414,1103.73,-33.4174,636.98,20.2942,30,0,48509,-48479
1.11789,8.19235e-15,1012.22,501.396,211.114,-494.301,-638.35,-191.094,24,0,53061,-53037
1.61247,2.45864e-14,1245.28,35.6459,74.1431,365.794,366.506,-597.312,49,0,34952,-34903
1.08827,7.55831e-15,1046.68,1335.22,433.429,1009.41,619.356,-395.374,22,0,65552,-65530
1.82126,3.54267e-14,510.289,568.26,341.776,79.3905,-196.414,-258.403,63,0,28434,-28371
1.63394,2.55813e-14,361.214,410.916,1365.22,77.367,212.813,-135.851,50,0,36015,-35965
1.19766,1.00744e-14,97.4128,7.09685,536.319,695.324,-555.941,224.425,27,0,60693,-60666
1.92559,4.18704e-14,1424.22,124.012,1069.08,283.346,242.288,62.9975,70,0,29900,-29830
1.29197,1.26467e-14,297.306,344.206,384.942,69.5859,-190.581,-257.898,31,0,43796,-43765
1.12548,8.36042e-15,591.212,1217.62,220.768,414.457,156.313,60.3134,24,0,64487,-64463
1.81738,3.52008e-14,1222.23,800.537,643.145,170.98,48.912,180.469,62,0,29413,-29351
1.75644,3.17773e-14,269.84,798.594,762.866,120.664,243.774,-393.606,58,0,32848,-32790
1.83551,3.62647e-14,1323.9,13.2896,607.763,230.929,41.4894,-109.283,64,0,27764,-27700
1.26095,1.17574e-14,1351.63,177.268,852.519,2.42147,-50.8498,354.596,30,0,54817,-54787
1.51639,2.0448e-14,1006.92,410.577,1311.89,-120.169,-411.1,559.562,43,0,40567,-40524
1.92308,4.1707e-14,1065.84,807.235,1011.24,-127.31,-37.5828,-476.965,70,0,25228,-25158
1.01815,6.18952e-15,1107.32,1361.03,930.279,-340.215,-491.213,-796.621,20,0,72214,-72194
1.90152,4.03197e-14,1046.78,1341.41,32.3473,148.018,-149.078,-66.5798,68,0,28103,-28035
1.62448,2.51395e-14,156.533,6.32305,227.428,-255.74,-9.32709,127.059,50,0,33636,-33586
1.70611,2.91229e-14,148.96,1332.18,1156.26,-502.411,41.946,-507.078,55,0,33516,-33461
1.46517,1.84449e-14,249.732,985.403,528.512,129.105,231.648,315.043,40,0,46622,-46582
1.74795,3.13186e-14,652.021,1308.26,930.711,119.107,-223.352,-329.279,58,0,28808,-28750
1.57434,2.28829e-14,161.113,1271.11,1345.14,641.9,-71.7064,228.944,47,0,42083,-42036
1.65866,2.67603e-14,652.352,504.631,1326.5,10.5804,-127.548,194.22,52,0,33542,-33490
1.8414,3.66154e-14,191.515,1373,346.044,35.5206,273.953,199.317,64,0,27642,-27578
1.89833,4.01171e-14,835.764,685.564,660.161,4.17739,-1.9144,471.737,68,0,29307,-29239
1.6614,2.68932e-14,1399.09,513.598,501.779,-72.0594,250.238,-90.4751,52,0,30419,-30367
1.91486,4.11742e-14,426.786,833.998,223.682,-551.738,-111.066,-13.2227,69,0,30594,-30525
1.62229,2.50379e-14,238.426,141.735,258.972,314.622,-28.9866,25.1592,50,0,33519,-33469
1.05454,6.87704e-15,962.227,170.927,523.235,-300.817,768.522,-437.155,21,0,67208,-67187
1.64645,2.61734e-14,564.455,595.092,751.779,-712.002,369.641,-63.9211,51,0,32169,-32118
2.39473,8.05357e-14,314.98,1407.24,684.522,-183.834,-52.4406,293.054,108,0,21463,-21355
2.89313,1.42011e-13,1416.27,810.789,323.239,156.905,81.3549,90.9714,158,0,15118,-14960
3.33118,2.16775e-13,1247.3,543.069,1359.43,-19.7544,42.4268,116.762,209,0,12181,-11972
3.18286,1.89091e-13,813.116,1116.66,1311.84,99.5094,165.714,-55.204,191,0,12956,-12765
3.42695,2.36016e-13,861.887,71.7043,834.813,-47.0309,-32.9189,144.315,221,0,12396,-12175
3.07489,1.70493e-13,343.402,857.962,638.754,-47.7737,-122.933,81.9139,178,0,12844,-12666
3.34874,2.20222e-13,475.713,712.136,393.639,79.2262,61.5621,22.4035,211,0,10360,-10149
3.24312,2.00034e-13,434.099,591.011,30.5684,-130.227,-208.151,-172.897,198,0,10994,-10796
3.02524,1.62366e-13,623.782,763.286,1047.44,67.6704,-86.6714,-129.059,173,0,14713,-14540
3.0556,1.67304e-13,1378.12,1020.22,1058.85,-56.8163,156.717,158.627,176,0,12074,-11898
2.13382,5.69755e-14,540.685,1343.9,1389.99,-152.361,-76.5588,-145.175,86,0,20903,-20817
3.68791,2.94141e-13,377.071,1134.4,176.495,-52.6577,-10.4626,-47.8399,256,0,10236,-9980
3.18207,1.8895e-13,398.521,504.344,841.123,-50.833,53.0216,-3.87831,191,0,11561,-11370
2.30729,7.20313e-14,205.181,1042.04,968.385,170.438,21.3938,-35.7529,100,0,23576,-23476
2.93925,1.48911e-13,822.954,823.095,91.3303,127.922,-16.3747,-46.0348,163,0,13568,-13405
3.07152,1.69932e-13,770.406,1101.04,626.597,1.09535,142.854,21.2673,178,0,14025,-13847
3.5755,2.68056e-13,1235.28,999.909,1230.55,-31.4328,-7.25448,0.620279,241,0,9744,-9503
3.83295,3.30229e-13,1332.37,1077.7,616.136,128.031,79.0675,-15.8505,277,0,10822,-10545
3.45928,2.42758e-13,594.61,1216.84,727.876,-103.117,-73.8017,89.2566,226,0,10319,-10093
3.23534,1.98599e-13,1288.78,804.966,1281.71,-41.0083,152.798,-182.589,197,0,13874,-13677
3.41254,2.33051e-13,691.958,392.59,313.031,46.0368,152.113,-38.8245,220,0,11525,-11305
2.30435,7.1757e-14,302.532,531.309,1085.13,-40.3989,-71.236,-184.232,100,0,20788,-20688
3.57865,2.68765e-13,208.034,686.05,805.943,-80.886,20.6814,50.3074,241,0,11638,-11397
3.17997,1.88576e-13,247.937,776.544,267.336,75.913,-174.794,-72.7836,191,0,12907,-12716
2.20859,6.31777e-14,58.1978,489.208,544.169,547.4,32.8822,102.026,92,0,19120,-19028
2.97776,1.54841e-13,776.275,1115.74,26.4862,48.6381,-63.9967,106.619,167,0,13074,-12907
3.81559,3.25762e-13,121.875,503.925,500.131,-43.8614,-57.2018,-20.1005,274,0,9387,-9113
2.45576,8.68504e-14,1291.5,850.769,912.343,-17.244,24.8177,156.961,114,0,19019,-18905
2.66947,1.11556e-13,1306.38,937.436,594.214,51.4477,-47.4673,183.617,134,0,15956,-15822
3.54619,2.61519e-13,925.235,46.3275,1127.91,31.0068,-162.334,-14.8872,237,0,10327,-10090
2.14515,5.78885e-14,83.6014,808.029,1257.63,25.5667,339.262,-7.37884,87,0,25763,-25676
4.21285,4.38474e-13,29.4912,333.968,375.117,52.1779,-122.022,171.029,335,0,7879,-7544
5.03354,7.47888e-13,519.483,1063.44,491.875,52.0718,0.0413991,-25.6519,478,0,7434,-6956
6.54659,1.64536e-12,344.447,654.515,129.582,0.163302,-49.8625,47.4948,808,0,5056,-4248
6.31976,1.48019e-12,312.464,472.193,716.171,-43.7993,-23.9673,-55.6142,753,0,4610,-3857
7.37117,2.34869e-12,1140.89,119.754,1356.52,36.5653,-11.1658,-40.9431,1024,0,4233,-3209
4.63265,5.83047e-13,897.777,1338.7,683.724,6.02459,-50.7909,-40.6391,405,0,6852,-6447
6.69903,1.763e-12,488.308,207.526,575.501,21.5993,6.91575,-2.82485,846,0,4218,-3372
7.66174,2.63754e-12,657.281,829.819,282.379,-52.2565,-30.679,-35.0895,1107,0,4332,-3225
7.4236,2.39916e-12,1152.67,327.949,851.042,-5.88265,-35.9853,-3.56353,1039,0,3924,-2885
6.15151,1.36509e-12,1372.41,796.314,446.706,37.5479,-64.1924,-36.3543,713,0,4947,-4234
6.81747,1.85817e-12,760.021,281.642,1206.02,-1.06541,-9.75853,-19.8299,876,0,3966,-3090
4.58635,5.65741e-13,1059.05,497.786,769.55,-106.194,-46.2041,46.2175,396,0,7805,-7409
7.29874,2.28013e-12,1386.41,703.214,751.305,48.9914,27.8861,-9.02948,1004,0,3925,-2921
6.69191,1.75739e-12,896.876,481.552,1167.56,-10.7031,-37.0451,16.4591,844,0,4508,-3664
6.68783,1.75417e-12,252.331,1291.55,150.595,-9.3408,4.0887,-38.0392,843,0,5090,-4247
5.69352,1.08233e-12,378.162,1027.16,609.808,-44.8417,-34.0769,-20.3776,611,0,5688,-5077
7.28575,2.26798e-12,1291.99,957.336,570.659,-3.93907,6.64262,19.9587,1001,0,4005,-3004
5.3116,8.78803e-13,1312.21,1389.39,725.282,-28.742,-68.5351,24.014,532,0,6481,-5949
6.85507,1.88909e-12,1199.02,62.9122,17.7278,47.2013,1.21685,17.8608,886,0,4137,-3251
6.97068,1.98629e-12,66.4139,438.795,1008.01,3.68386,-14.154,19.4992,916,0,4071,-3155
4.3541,4.84075e-13,1386.75,864.391,492.722,72.6006,51.9584,103.551,357,0,7743,-7386
5.35438,9.0021e-13,1236.21,1294.37,151.999,-10.7649,-71.2644,-82.4377,540,0,5627,-5087
12.0701,1.0312e-11,462.991,825.841,1373.58,10.7123,23.4924,7.4764,2746,0,2189,557
15.1034,2.02043e-11,1312.21,1413.07,485.007,6.05652,-4.78673,1.16483,4300,0,1704,2596
15.1318,2.03184e-11,149.879,1383.83,328.755,-2.98802,0.262699,-5.90833,4316,0,1787,2529
11.9125,9.91358e-12,1236.04,1375.8,266.534,2.52663,1.54068,-15.4067,2675,0,2248,427
10.4208,6.63615e-12,766.321,786.012,879.532,-13.3891,-8.0753,14.5297,2047,0,2800,-753
15.2794,2.09186e-11,338.172,264.393,1400.68,-4.87972,12.8616,5.33054,4401,0,1651,2750
11.737,9.48173e-12,1207.57,486.762,1173.56,2.69745,-1.72961,-12.6101,2597,0,2425,172
13.8646,1.56292e-11,452.235,1320.75,154.496,-1.94523,8.14271,-1.21779,3623,0,2016,1607
8.16992,3.19794e-12,1242.83,418.022,1238.91,20.2188,10.1539,1.42008,1258,0,3424,-2166
12.3394,1.10178e-11,102.942,612.18,328.043,4.83748,5.84244,13.0917,2870,0,2072,798
13.9779,1.60155e-11,1236.16,794.446,806.194,-12.5238,-9.76594,-3.85837,3683,0,2029,1654
12.836,1.24023e-11,12.8872,521.704,1188.41,15.6112,-3.1055,22.3623,3106,0,2171,935
8.27974,3.32864e-12,374.422,947.41,827.665,11.5486,15.9354,12.316,1292,0,3298,-2006
10.1821,6.1906e-12,939.541,571.071,1014.62,-3.45546,0.432151,9.72681,1954,0,3098,-1144
15.0781,2.01027e-11,881.888,843.166,1355.39,-14.6964,-12.2652,-5.44941,4285,0,1802,2483
12.3794,1.11253e-11,64.7612,946.14,203.936,-23.094,5.99784,16.1413,2889,0,1853,1036
19.5901,4.40886e-11,1314.5,907.584,1129.79,-5.96342,10.815,6.99588,7234,0,1285,5949
20.6643,5.17459e-11,1029.18,1411.83,708.056,-9.14854,-3.66243,13.3329,8049,0,1284,6765
19.6901,4.47673e-11,584.25,30.3769,548.108,-1.13768,-2.21837,3.90004,7308,0,1379,5929
16.7008,2.73167e-11,397.767,928.139,448.628,-0.16672,0.838449,5.39377,5257,0,1603,3654
30.057,1.5924e-10,931.434,38.942,411.216,4.81743,-0.66304,6.66124,17029,0,1022,16007
19.8254,4.56967e-11,142.033,592.454,1101.63,-4.85716,-2.91639,8.85746,7409,0,1235,6174
28.9714,1.42602e-10,73.5273,230.818,1376.66,0.2094,0.858083,1.90107,15821,0,948,14873
28.0529,1.29464e-10,1310.54,39.0692,199.325,-4.22939,-3.23855,-3.18261,14834,0,992,13842
28.0618,1.29587e-10,1018.08,219.375,773.117,6.92301,-4.58358,4.07643,14843,0,1065,13778
23.6698,7.77676e-11,791.237,362.245,709.839,1.17157,0.0963206,-2.81155,10561,0,1176,9385
18.1768,3.52185e-11,38.0693,540.56,820.237,-7.93108,11.97,-7.84906,6228,0,1290,4938
27.9168,1.27589e-10,701.578,439.564,398.473,-1.95691,-1.45049,0.000827502,14690,0,1075,13615
28.6693,1.38187e-10,459.167,93.6234,120.041,-3.70486,4.64076,0.165648,15493,0,1080,14413
61.2728,1.34903e-09,787.005,635.851,1065.61,0.654729,1.27684,0.654318,70768,0,910,69858
45.915,5.67651e-10,692.306,686.89,848.737,0.0984866,-1.00628,-1.70644,39738,0,925,38813
32.2764,1.97185e-10,77.2251,1102.33,1320.81,-1.57575,-3.10684,2.6451,19637,0,845,18792
53.3214,8.89041e-10,1056.98,704.955,790.529,-1.24836,-0.352543,0.824749,53593,0,913,52680
57.1976,1.09736e-09,609.083,664.244,316.265,-0.369483,-0.0452037,0.213767,61668,0,917,60751
56.9649,1.08402e-09,835.793,609.533,141.33,0.709917,1.1679,0.682604,61167,0,866,60301
36.2271,2.78816e-10,910.876,588.876,368.531,-1.73054,3.10467,-0.305796,24738,0,856,23882
45.1568,5.3999e-10,772.251,1006.07,337.448,0.677203,-0.657236,-1.84261,38437,0,769,37668
61.6962,1.37718e-09,1357.92,774.255,1370.47,-0.68423,0.512747,0.839517,71749,0,984,70765
49.5091,7.11661e-10,1315.6,165.724,450.362,1.79604,2.2454,-1.70214,46203,0,794,45409
50.1737,7.40705e-10,1209.48,226.106,676.642,0.887718,0.0340736,2.40822,47452,0,813,46639
61.3245,1.35244e-09,149.015,1287.05,299.117,1.27492,-0.333028,-0.988457,70887,0,892,69995
32.0016,1.92191e-10,112.621,1209.91,66.9722,1.73133,-0.3773,-2.02731,19304,0,981,18323
36.0946,2.75769e-10,179.974,1044.97,1079.93,-0.368381,1.35915,3.27026,24558,0,837,23721
39.7083,3.67163e-10,286.346,140.855,1310.61,-0.288313,-5.42652,-1.47137,29721,0,857,28864
44.5205,5.17485e-10,1362.53,1121,910.7,1.26716,1.30313,1.37275,37361,0,843,36518
36.8101,2.92493e-10,525.08,787.523,582.41,0.309272,-4.41917,-1.55108,25541,0,803,24738
54.2956,9.38666e-10,687.103,426.39,103.449,0.901679,1.24632,-1.63636,55569,0,848,54721
61.2411,1.34693e-09,1182.76,755.462,1128.79,-0.206374,-3.87218,0.482049,70695,0,885,69810
37.5155,3.09634e-10,182.877,1390.77,561.811,1.18164,0.462419,-1.33371,26529,0,808,25721
36.0037,2.73689e-10,757.729,88.5149,847.404,-5.74789,-3.7238,0.0460096,24434,0,882,23552
51.1021,7.82589e-10,1106.91,183.459,1337.4,-0.0611138,0.589679,-0.231631,49224,0,879,48345
43.2419,4.74166e-10,382.284,862.321,803.268,0.794229,-1.09932,0.61667,35246,0,805,34441
48.4757,6.68021e-10,1345.2,1017.49,934.502,0.480361,-0.207431,-1.61494,44295,0,859,43436
34.9296,2.49918e-10,522.292,265.374,631.878,-1.43724,-0.248678,-1.55521,22998,0,827,22171
38.9715,3.47104e-10,953.484,1109.19,1371.88,0.142084,0.241342,0.84943,28628,0,834,27794
53.6789,9.07041e-10,895.367,946.404,928.175,-1.21012,-0.604224,-0.0513365,54314,0,863,53451
52.6257,8.54693e-10,876.924,1180.89,95.4832,1.61762,-1.78556,-0.507746,52203,0,838,51365
42.8223,4.60497e-10,1350.11,407.401,497.788,-0.241776,-0.606895,2.03257,34565,0,822,33743
45.807,5.63652e-10,1147.94,1045.78,1169.7,6.99182,-1.6062,-1.55052,39552,0,790,38762
57.5577,1.11822e-09,788.387,304.139,292.775,-0.562595,0.881697,0.0655789,62446,0,849,61597
36.9578,2.96029e-10,736.05,831.199,157.371,-1.51955,1.57934,-2.70527,25746,0,876,24870
36.6225,2.88046e-10,462.905,1153.61,1375.06,-1.81444,-0.789377,-1.56675,25281,0,901,24380
45.5224,5.53211e-10,1050.89,1004.02,165.436,-0.54376,0.0296496,3.2661,39062,0,816,38246
78.3468,2.8202e-09,434.536,864.709,1031.32,-0.0588474,0.88303,0.638685,115703,0,1065,114638
97.5639,5.44608e-09,272.228,724.614,1125.96,-1.29728,-0.13174,0.212017,179424,0,1320,178104
68.6994,1.90141e-09,250.034,1153.7,978.474,-0.831141,0.53857,1.00734,88963,0,948,88015
121.867,1.06138e-08,148.897,750.078,129.728,-0.0185585,-0.358663,0.149944,279944,0,1832,278112
110.144,7.83606e-09,848.061,149.547,133.805,-0.145279,-0.40579,0.587093,228677,0,1587,227090
76.4456,2.61983e-09,976.167,798.855,362.162,0.343223,1.55215,0.739281,110155,0,1060,109095
77.4162,2.7209e-09,1179,720.108,841.918,-1.22234,-1.57718,-0.486081,112970,0,1087,111883
82.3167,3.271e-09,1233.24,976.596,448.546,1.04737,-0.522358,0.947991,127725,0,1091,126634
82.2887,3.26766e-09,266.732,664.827,1354.4,0.624282,-0.507896,-1.09656,127638,0,1120,126518
62.6695,1.4434e-09,231.545,984.717,1305.24,0.0683136,-0.313737,-0.810317,74031,0,887,73144
88.4195,4.05378e-09,490.747,809.035,1254.44,0.26155,0.280002,0.5709,147366,0,1206,146160
123.273,1.09855e-08,495.859,145.272,1280.46,-0.410981,0.273466,-0.0333959,286442,0,2003,284439
82.9552,3.34771e-09,1060.28,1052.93,437.935,-1.22326,-0.618104,-0.209722,129715,0,1125,128590
76.6225,2.63806e-09,1280.03,492.814,826.011,-1.08342,0.147952,-0.333782,110666,0,1066,109600
104.12,6.61942e-09,966.973,1235.54,1134.35,0.230047,-0.205054,0.634736,204348,0,1488,202860
68.2497,1.86431e-09,501.198,441.905,636.998,0.17337,-0.797132,2.1895,87802,0,900,86902
95.097,5.04333e-09,275.08,1139.81,188.931,-0.580376,-0.272908,-0.104211,170465,0,1377,169088
103.929,6.58308e-09,187.161,348.705,175.33,0.563586,0.172775,0.965826,203599,0,1484,202115
100.918,6.02738e-09,978.572,502.717,111.331,-0.0775232,0.848435,0.44611,191974,0,1489,190485
97.0444,5.35955e-09,509.957,875.272,178.76,0.958438,0.577874,-0.0716784,177518,0,1448,176070
122.908,1.08882e-08,441.852,1291.54,672.194,-0.165355,0.334617,0.158156,284748,0,1906,282842
96.7304,5.3077e-09,1296.01,683.241,662.632,-0.761718,0.266124,0.689941,176371,0,1316,175055
121.722,1.05761e-08,567.91,927.809,433.462,0.218496,0.134956,0.217686,279281,0,1909,277372
90.7586,4.38409e-09,835.637,1318.76,168.083,0.00246639,-0.185232,-0.995658,155266,0,1271,153995
76.9346,2.67043e-09,871.377,332.545,514.666,-0.757016,0.166442,1.36163,111569,0,1119,110450
122.121,1.06805e-08,827.328,1220.17,368.801,-0.765075,-0.312601,0.479546,281115,0,1844,279271
118.615,9.7866e-09,776.668,527.559,672.972,0.25917,0.0616952,-0.0930666,265203,0,1830,263373
110.644,7.94336e-09,1292.22,1127.79,327.527,-0.44643,-0.562627,-0.172715,230759,0,1715,229044
123.639,1.10838e-08,540.928,798.614,842.142,0.60673,-0.396344,0.2162,288148,0,1853,286295
91.866,4.54654e-09,370.138,438.366,1265.53,0.0988188,0.699991,-0.717422,159078,0,1255,157823
66.1543,1.69782e-09,613.27,1049.28,691.122,1.81038,-2.5356,-1.26007,82493,0,958,81535
77.6096,2.74134e-09,149.346,834.852,657.38,-0.72102,0.263222,0.404001,113536,0,1100,112436
106.038,6.99208e-09,952.449,930.665,534.776,-0.49599,0.835125,-0.722732,211947,0,1514,210433
80.017,3.00444e-09,390.032,602.665,1048.64,-0.791068,0.454016,0.951072,120689,0,1119,119570
106.959,7.17572e-09,208.531,655.825,511.913,-0.844731,-0.0908356,0.192002,215642,0,1581,214061
63.9081,1.53068e-09,354.875,648.332,317.306,0.878003,-1.15084,-0.0608247,76986,0,881,76105
88.7675,4.10184e-09,1007.37,841.829,740.439,0.704234,-0.513475,-0.352483,148528,0,1241,147287
116.51,9.2748e-09,613.033,1222.61,1247.7,-0.356263,0.866331,0.315822,255874,0,1829,254045
121.063,1.04052e-08,364.707,640.081,744.19,-0.526985,0.19208,0.385349,276264,0,1846,274418
92.3867,4.62429e-09,270.047,1332.8,394.605,-0.126947,-0.26313,0.0943987,160887,0,1297,159590
73.4454,2.32333e-09,271.197,944.45,785.615,0.988159,0.510188,1.14584,101679,0,1009,100670
83.5342,3.4183e-09,206.629,500.689,379.754,-0.665123,0.916317,-0.658521,131532,0,1127,130405
123.281,1.09876e-08,313.939,875.645,317.334,-0.263221,0.551648,0.224555,286478,0,1915,284563
95.5674,5.11853e-09,226.542,262.98,999.167,-0.231485,-0.389336,0.228898,172155,0,1342,170813
77.2878,2.70738e-09,733.274,1324.87,606.759,-0.865251,-0.493321,-0.294653,112596,0,1067,111529
106.541,7.09204e-09,868.525,896.618,1091.88,0.887684,-0.0719206,0.308049,213962,0,1541,212421
83.2781,3.38695e-09,897.166,722.39,870.137,-1.18137,-0.00968698,0.733492,130726,0,1200,129526
116.957,9.382e-09,1175.93,848.266,227.381,0.530641,-0.364565,-0.126286,257842,0,1667,256175
80.7661,3.08962e-09,1127.08,1338.41,521.549,0.834146,-0.307579,0.131645,122959,0,1126,121833
83.2989,3.38949e-09,191.963,529.31,939.566,0.5753,-0.586205,1.0716,130791,0,1168,129623
79.9216,2.99371e-09,1333.77,282.685,589.413,0.448841,0.147917,0.244918,120401,0,1080,119321
112.683,8.39066e-09,554.424,669.744,123.917,0.184058,-0.420484,-0.263165,239343,0,1706,237637
226.074,6.77591e-08,1021.63,310.697,1066.46,0.0103481,0.478343,0.0246048,963389,0,4836,958553
223.354,6.53429e-08,519.488,231.022,331.431,0.0312939,-0.0910634,0.135168,940348,0,4970,935378
184.095,3.65882e-08,617.787,400.017,1135.87,-0.0593524,-0.190551,-0.0814372,638828,0,3572,635256
168.297,2.79543e-08,1155.39,1176.81,844.616,0.35838,-0.204286,-0.132475,533894,0,3155,530739
200.151,4.7021e-08,1191.74,310.082,247.624,-0.128663,-0.229218,0.171609,755123,0,3941,751182
