Parameters:
box_length	1768.05
n_particles	500
n_eqil_steps	10000000
speed_l	1
speed_u	2
density	1.4e-15
charge_density	1

radii,masses,position(x),position(y),position(z),velocity(x),velocity(y),velocity(z),initial high e,final high e,final low e,charge
0.758629,2.56039e-15,378.005,87.8092,397.631,1332.69,-746.508,60.1242,7,0,92516,-92509
0.0166511,2.70733e-20,200.886,1001.66,1149,-6939.98,17886.8,140.06,0,0,566318,-566318
0.433229,4.76835e-16,633.994,795.626,711.881,-2753.94,-837.09,1540.17,2,0,280574,-280572
0.155243,2.1941e-17,946.684,1335.44,294.445,2832.22,12695.1,-281.421,0,0,616682,-616682
0.964794,5.26648e-15,1156.02,1662.7,126.596,-47.0385,-340.348,-20.1639,12,0,75207,-75195
0.0564688,1.05595e-18,855.1,610.797,1138.69,-2811.32,-8356.16,-3726.94,0,0,536906,-536906
0.158151,2.31969e-17,1093.34,1717.71,883.399,958.078,1661.69,1409.02,0,0,200859,-200859
0.0890841,4.14588e-18,1191.42,771.836,970.03,-5797.31,3356.14,-8642.08,0,0,361718,-361718
0.78214,2.80589e-15,1506.02,407.681,18.5469,-1319.25,-1200.27,-159.767,8,0,124822,-124814
0.236988,7.80545e-17,292.146,1202.7,568.818,4490.9,-8516.58,2810.1,1,0,237732,-237731
0.470355,6.10231e-16,852.675,674.616,770.024,806.489,1055.89,-217.403,3,0,187850,-187847
0.592291,1.21849e-15,204.555,1067.34,366.039,769.474,1183.64,-121.85,4,0,163837,-163833
0.848881,3.58722e-15,476.924,103.945,1232.39,-1.92187,-1105.92,30.6072,9,0,66360,-66351
0.453028,5.45246e-16,1422.24,672.024,412.773,787.651,-188.965,1339.69,3,0,233545,-233542
0.457012,5.59758e-16,1196.52,986.187,388.179,1034.63,-371.95,-234.308,3,0,131577,-131574
0.517557,8.13002e-16,1232.65,262.703,944.516,894.721,-3758.49,764.451,3,0,165968,-165965
0.891741,4.15846e-15,1648.65,1227.82,772.485,-215.185,-510.508,696.634,10,0,60651,-60641
0.376041,3.11833e-16,1507.99,554.278,1130.48,-3762.54,-463.011,1713.43,2,0,285768,-285766
0.884179,4.05357e-15,741.911,1351.84,485.776,666.579,-202.327,-455.741,10,0,89403,-89393
0.197141,4.4931e-17,1091.01,761.904,971.236,1028.76,-236.988,-1764.4,0,0,203368,-203368
0.555737,1.00653e-15,1010.66,1052.36,980.377,-244.608,1924.23,825.21,4,0,143529,-143525
0.9734,5.40868e-15,499.736,1417.2,1694.96,5.50122,727.13,-105.117,12,0,68698,-68686
0.783894,2.8248e-15,589.647,96.7144,1638.74,23.7891,601.602,364.302,8,0,59898,-59890
0.538841,9.17486e-16,1417.8,1047.87,106.072,250.771,-483.043,888.688,4,0,185208,-185204
0.939635,4.86512e-15,1292.23,1305.02,1169.31,-769.259,695.391,-373.943,11,0,71997,-71986
0.374722,3.08563e-16,1389.95,717.388,1100.39,4687.43,2672.31,-3414.72,2,0,292030,-292028
0.807556,3.08841e-15,207.346,1120.5,1656.33,215.807,-1097.37,-990.752,8,0,78109,-78101
0.975158,5.43803e-15,1012.44,1134.33,1415.78,601.825,459.634,-282.698,12,0,71017,-71005
0.601526,1.27638e-15,359.223,51.1544,407.013,-1295.23,-688.732,1248.38,5,0,116866,-116861
0.187204,3.84738e-17,677.273,1264.46,1467.61,-9761.83,-1549.42,-1762.12,0,0,384210,-384210
0.150509,1.9994e-17,959.977,1688.39,257.537,3376.53,-6917.94,2644.07,0,0,441394,-441394
0.158689,2.34348e-17,1020.7,28.9624,1502.39,-1126.84,-1284.11,1215.18,0,0,96110,-96110
0.450017,5.34447e-16,1006.9,1490.02,1353.3,20.4452,1459.04,135.153,3,0,241172,-241169
0.968259,5.32342e-15,1136.6,835.648,1486.6,507.32,-1642.03,664.833,12,0,67145,-67133
0.0817739,3.20671e-18,123.519,1672.91,965.34,-11918.4,-1523.52,6619.01,0,0,509581,-509581
0.897414,4.23833e-15,894.621,1715.47,674.175,84.4109,1874.6,416.085,10,0,67193,-67183
0.688347,1.91266e-15,182.389,153.632,199.695,401.988,-1185.03,2659.29,6,0,153223,-153217
0.696858,1.98449e-15,1240.03,144.858,1719.28,-689.484,432.051,-440.98,6,0,103540,-103534
0.0788291,2.87261e-18,477.081,1134.1,1510.51,-4445.17,-3816.96,1395.81,0,0,366845,-366845
0.406891,3.9505e-16,1718.54,1464.1,872.941,3486.72,-186.452,1139.23,2,0,260403,-260401
0.894723,4.20032e-15,1693.11,1437.44,1640.95,23.4341,-592.195,1127.73,10,0,93635,-93625
0.0615475,1.36725e-18,1690.71,1176.4,1094.03,-3417.45,1595.67,-5606.57,0,0,265100,-265100
0.963084,5.23852e-15,195.365,343.501,863.169,-868.208,-1172.1,543.912,12,0,68182,-68170
0.655484,1.65159e-15,1086.85,844.989,322.098,79.0192,2062.79,763.359,5,0,112345,-112340
0.0425329,4.51224e-19,1649.53,1166.56,564.225,5997.89,-3050.11,8593.98,0,0,844803,-844803
0.755628,2.53011e-15,1703.33,442.581,1168.88,503.092,-340.994,-866.271,7,0,91122,-91115
0.0678404,1.83097e-18,1427.54,1223.91,1100.33,-2215.88,4026.99,-3498.88,0,0,323309,-323309
0.949539,5.02059e-15,1486.8,243.537,1614.68,196.433,-958.493,-385.166,11,0,71918,-71907
0.592855,1.22198e-15,204.683,1096.52,459.348,837.511,-855.171,-819.582,4,0,118844,-118840
0.587664,1.19015e-15,46.1457,1640.97,1759.51,466.566,-197.148,1582,4,0,153164,-153160
0.803306,3.0399e-15,1514.83,1570.16,164.781,964.016,-178.288,-1432.56,8,0,82868,-82860
0.474936,6.28236e-16,388.687,109.454,1178.56,2435.99,3583.52,568.255,3,0,135225,-135222
0.282865,1.32725e-16,928.624,1099.59,220.134,1089.64,-645.32,-661.569,1,0,234707,-234706
0.676509,1.81568e-15,936.257,1272.68,1499.78,2345.1,-955.13,1850.73,6,0,118249,-118243
0.438417,4.94173e-16,1212.87,1608.36,366.118,-1531.74,5107.06,121.225,2,0,269395,-269393
0.786497,2.85304e-15,745.924,638.118,1074.48,-694.312,165.678,116.54,8,0,78751,-78743
0.0473359,6.21997e-19,1137.74,1612.93,1411.14,6538.87,1422.66,4807.99,0,0,530145,-530145
0.318543,1.89549e-16,587.708,602.198,18.3193,4404.33,-1917.16,-1377.35,1,0,250695,-250694
0.420738,4.36769e-16,1024.37,1161.37,167.332,-1208.11,2956.74,883.976,2,0,211079,-211077
0.92966,4.71183e-15,268.613,946.43,677.643,-419.472,-1122.89,-402.384,11,0,66326,-66315
0.210591,5.47689e-17,195.927,1588.53,1182.48,11145.9,-952.829,5636.36,1,0,517046,-517045
0.197387,4.50994e-17,1047.77,287.17,266.446,-1916.39,6952.01,3434.78,0,0,598831,-598831
0.663013,1.70916e-15,1045.61,1043.36,1347.24,-689.02,-653.807,162.577,6,0,114161,-114155
0.631742,1.47855e-15,1379.4,1048.83,93.4749,927.258,564.4,-348.59,5,0,124835,-124830
1.16351,9.23698e-15,350.775,615.821,1000.95,-315.642,-265.459,211.137,17,0,42345,-42328
1.38341,1.55265e-14,1450.49,490.832,758.876,-115.844,-441.653,-0.577898,24,0,36256,-36232
1.8726,3.85081e-14,603.203,1212.65,205.224,-108.1,-108.144,7.76716,44,0,27783,-27739
1.37887,1.5374e-14,1273.3,810.865,1678.57,-186.728,-387.172,285.569,24,0,45349,-45325
1.89517,3.99172e-14,983.117,1455.85,1393.03,72.0187,-271.842,64.5976,45,0,23675,-23630
1.28016,1.23029e-14,603.809,999.257,126.935,273.713,-78.5401,475.608,21,0,37265,-37244
1.16347,9.23608e-15,736.034,1332.82,451.852,-595.919,571.514,-138.211,17,0,54566,-54549
1.94145,4.29134e-14,31.3022,95.1161,421.946,157.45,152.382,-255.504,47,0,19443,-19396
1.55425,2.20182e-14,1254.88,1547.14,1063.86,-290.28,143.56,340.366,30,0,27544,-27514
1.58342,2.32812e-14,33.4265,1019.47,1626.53,182.641,-214.634,-239.376,32,0,23618,-23586
1.24764,1.13889e-14,1172.79,834.031,405.201,-320.442,10.4907,-655.445,20,0,51481,-51461
1.7914,3.37127e-14,253.901,1199.3,1201.73,-67.4564,156.888,121.522,40,0,23409,-23369
1.15798,9.10582e-15,111.695,634.729,1037.07,-501.314,397.107,669.176,17,0,45519,-45502
1.18578,9.77754e-15,983.609,668.943,371.887,-123.042,288.685,385.895,18,0,47188,-47170
1.22428,1.07612e-14,265.785,1044.78,1669.28,453.226,-110.022,169.122,19,0,44968,-44949
1.0616,7.01611e-15,802.799,1034.63,953.201,-526.22,42.751,-249.53,14,0,63604,-63590
1.94452,4.31172e-14,978.03,445.845,89.1433,126.386,-87.6338,-124.167,48,0,22150,-22102
1.43855,1.74577e-14,549.955,167.328,1729.86,-55.1906,-155.81,229.738,26,0,41219,-41193
1.37266,1.51671e-14,827.659,1698.77,1256.52,-139.257,-36.0718,4.2215,24,0,38426,-38402
1.95803,4.40222e-14,1506.46,1095.23,325.806,-50.5369,412.028,66.5434,48,0,21965,-21917
1.20078,1.01533e-14,15.467,286.658,622.733,592.477,-157.171,224.343,18,0,52399,-52381
1.31336,1.32852e-14,6.44393,902.573,1717.54,77.8698,627.41,693.722,22,0,38099,-38077
1.68289,2.795e-14,64.7548,507.842,1179.17,-284.946,217.999,12.5009,36,0,27453,-27417
1.98092,4.55846e-14,3.52844,745.195,411.725,-145.18,241.015,235.345,49,0,24796,-24747
1.73314,3.05294e-14,482.893,779.189,214.612,-215.186,44.5185,321.117,38,0,29036,-28998
1.43781,1.7431e-14,400.24,1032.79,522.256,102.356,-55.3999,170.664,26,0,34843,-34817
1.0536,6.85881e-15,418.517,591.892,721.823,-206.063,284.554,422.893,14,0,57942,-57928
1.72173,2.99305e-14,1645.83,238.048,1470.33,313.717,70.773,-181.302,37,0,28247,-28210
1.64716,2.62075e-14,635.045,184.325,1093.25,-384.148,82.0676,149.679,34,0,27417,-27383
1.8492,3.70825e-14,52.5986,1212.86,483.574,-127.689,-164.036,-53.3412,43,0,22013,-21970
1.7947,3.38994e-14,1406.25,494.165,396.552,404.176,42.1071,121.011,40,0,27596,-27556
1.20104,1.01598e-14,988.254,1413.98,1069.61,-426.369,178.376,440.362,18,0,50419,-50401
1.13882,8.66131e-15,733.42,98.1769,575.926,-796.18,111.623,351.149,16,0,58465,-58449
1.18873,9.85068e-15,664.245,916.861,365.327,-478.058,-348.877,962.421,18,0,54330,-54312
1.10033,7.81248e-15,42.9651,247.752,1662.94,-325.299,276.563,130.859,15,0,46773,-46758
1.51437,2.03663e-14,1136.36,1064.77,1373.22,-444.742,-387.252,-139.508,29,0,35102,-35073
1.13179,8.50194e-15,1304.42,1452.93,67.6758,-122.354,168.924,-315.322,16,0,47052,-47036
1.87072,3.83923e-14,1046.16,165.249,1281.36,-150.472,4.97951,168.436,44,0,26049,-26005
1.27062,1.203e-14,70.3137,252.028,1741.04,-422.072,349.31,-118.382,20,0,46463,-46443
1.21506,1.052e-14,1380.33,804.071,1356.69,-211.156,-52.8749,-578.327,19,0,37311,-37292
1.90098,4.02856e-14,6.85164,82.4482,457.793,106.5,-37.8654,-156.893,45,0,23227,-23182
1.19245,9.94353e-15,1006.8,1198.07,1499.86,-348.564,508.699,866.675,18,0,56209,-56191
1.23974,1.11739e-14,63.6751,1453.9,1698.57,607.165,-726.416,365.535,19,0,46353,-46334
1.28195,1.23547e-14,1118.45,65.8315,356.453,-174.936,780.762,302.141,21,0,45239,-45218
1.7733,3.2701e-14,510.998,1685.66,1072.67,-26.8661,-390.477,268.67,40,0,28811,-28771
1.75327,3.16054e-14,833.634,627.756,1504.68,169.082,97.1595,147.76,39,0,32998,-32959
1.70196,2.89111e-14,574.059,432.979,605.914,14.395,-379.581,-219.026,36,0,20234,-20198
1.44859,1.78261e-14,1268.59,1457.91,1007.85,-99.1419,-123.59,-66.4091,26,0,32235,-32209
1.5147,2.03796e-14,571.687,19.7816,1638.22,295.142,-169.51,275.021,29,0,35608,-35579
1.35483,1.45838e-14,803.67,1638.38,1389.32,-38.2533,-218.907,-235.347,23,0,42329,-42306
1.12859,8.4299e-15,1471.59,345.125,1639.87,66.7086,-132.291,779.893,16,0,54824,-54808
1.02948,6.39844e-15,575.466,587.252,413.544,-2.24486,1011.7,609.588,13,0,61223,-61210
1.23092,1.09372e-14,700.999,1115.53,1696.81,42.0268,-29.1356,75.1915,19,0,45823,-45804
1.0655,7.09378e-15,1450.17,372.029,608.872,-210.335,-8.26681,489.66,14,0,36275,-36261
1.70447,2.90393e-14,964.239,578.226,278.045,66.9145,-199.564,7.08429,37,0,28146,-28109
1.90508,4.05465e-14,1691.02,194.132,593.321,227.404,-156.317,-30.0696,46,0,23901,-23855
1.50435,1.99649e-14,669.824,1583.91,1421.96,-304.143,-343.211,282.114,28,0,30607,-30579
1.56346,2.24117e-14,1708.19,1137.79,1536.36,-107.416,290.284,-359.273,31,0,35152,-35121
1.71691,2.96795e-14,1377.72,941.997,703.762,-67.422,403.857,272.533,37,0,28773,-28736
1.24638,1.13545e-14,1068.52,40.3062,57.0007,-656.283,258.167,-194.87,20,0,47997,-47977
1.88985,3.95821e-14,432.332,978.276,559.638,-43.112,246.145,83.375,45,0,22325,-22280
1.60451,2.42238e-14,14.4851,1593.66,1367.87,440.044,279.994,-149.06,32,0,25400,-25368
1.11967,8.23174e-15,592.512,1315.62,1253.33,696.687,-38.0046,326.467,16,0,54759,-54743
1.35509,1.45921e-14,67.3088,678.485,938.47,38.432,-51.8856,66.451,23,0,38615,-38592
1.25795,1.16737e-14,881.869,1321.4,631.283,-544.734,-392.285,35.6114,20,0,48477,-48457
1.48645,1.92604e-14,1033.63,356.21,1673.7,413.483,-14.2553,252.045,28,0,38263,-38235
1.47552,1.88388e-14,1162.2,1673.08,914.651,-50.1332,153.546,12.9311,27,0,31245,-31218
1.42668,1.70294e-14,316.11,777.586,712.873,-174.776,173.689,194.183,26,0,36693,-36667
1.80018,3.42108e-14,859.394,125.803,1589.19,249.764,103.48,227.495,41,0,23879,-23838
1.0605,6.9943e-15,142.846,58.1124,1403.36,-45.5168,-104.425,-530.944,14,0,64338,-64324
1.37518,1.5251e-14,1357.69,1067.5,1143.39,162.874,403.547,202.267,24,0,36520,-36496
1.28761,1.25191e-14,1593.41,432.571,712.483,-29.346,24.1978,-307.898,21,0,40299,-40278
1.75035,3.14477e-14,1016.19,336.126,1288.6,-401.3,151.33,-559.704,38,0,26347,-26309
1.59038,2.35897e-14,1181.93,1362.16,65.6114,-486.459,-88.1265,-234.192,32,0,36364,-36332
1.07096,7.2033e-15,538.371,1308.79,801.745,-569.372,-301.917,-281.225,14,0,56712,-56698
1.27219,1.20747e-14,1437.58,943.656,1316.77,17.194,35.5773,-363.298,20,0,41592,-41572
1.10881,7.99439e-15,732.908,1012.77,1632,12.3134,16.0053,59.082,15,0,55438,-55423
1.0325,6.45484e-15,1418.01,579.634,539.002,829.856,-93.2428,165.528,13,0,69020,-69007
1.39302,1.58521e-14,1196.5,97.4248,81.1377,-587.309,235.589,108.406,24,0,43749,-43725
1.95001,4.34835e-14,261.256,1120.83,942.264,-129.576,75.4318,-205.901,48,0,22339,-22291
1.40817,1.6375e-14,1610.43,664.561,235.479,31.7246,25.5194,-276.8,25,0,33576,-33551
1.09211,7.63857e-15,1412.76,1722.48,1666.56,-681.632,-565.315,20.6552,15,0,58065,-58050
1.21833,1.06051e-14,428.498,277.466,828.653,-114.931,388.173,216.171,19,0,42830,-42811
1.1981,1.00856e-14,1139.07,892.13,1328.82,-396.498,759.549,107.345,18,0,50639,-50621
1.80906,3.47199e-14,635.406,1122.07,593.953,-276.886,48.0591,-48.5116,41,0,28779,-28738
1.93824,4.27009e-14,614.591,622.264,373.995,-276.381,-61.1819,189.921,47,0,26788,-26741
1.34344,1.42192e-14,1034.4,1520.15,943.98,75.0431,-113.716,392.633,23,0,41692,-41669
1.40129,1.61363e-14,541.994,66.5343,1574.43,-415.821,95.3156,302.609,25,0,34193,-34168
1.82721,3.57753e-14,351.967,633.509,1074.11,276.299,-209.823,371.064,42,0,30226,-30184
1.61083,2.45115e-14,707.687,543.544,1618.59,-11.0712,-202.627,234.425,33,0,33149,-33116
1.69332,2.84732e-14,821.242,1748.34,160.598,-117.212,40.4808,-3.62293,36,0,28044,-28008
1.79193,3.37424e-14,85.7443,1493.66,341.529,-3.83912,2.79965,13.4602,40,0,23015,-22975
3.87191,3.40402e-13,681.063,910.891,107.059,-3.90567,-69.3667,47.2911,188,0,7381,-7193
3.26071,2.03308e-13,1096.07,183.558,607.576,48.7092,-12.3236,25.1087,134,0,10709,-10575
2.39669,8.07329e-14,1116.44,1227.92,48.5993,47.0276,-142.979,-70.038,72,0,19215,-19143
2.57658,1.0031e-13,844.965,607.447,524.205,24.7942,118.152,65.5749,83,0,16859,-16776
3.82519,3.28227e-13,969.449,235.123,785.706,-32.2142,-86.8287,23.3554,184,0,8104,-7920
2.43058,8.42072e-14,1533.12,1171.31,645.738,-11.9357,199.316,83.3163,74,0,17035,-16961
2.00462,4.72406e-14,419.38,452.3,1686.67,110.909,-114.62,98.4129,50,0,21786,-21736
3.95153,3.61836e-13,1684.25,1738.51,977.015,-67.8113,32.4882,-23.1862,196,0,6829,-6633
3.03723,1.64305e-13,57.8827,67.1996,1001.41,-121.837,-3.12767,-23.9015,116,0,10599,-10483
2.18949,6.15526e-14,643.828,1542.58,818.778,176.357,111.066,46.5713,60,0,19462,-19402
3.9961,3.74218e-13,626.257,419.174,779.128,-34.6641,21.5424,90.0667,201,0,9348,-9147
2.38131,7.91892e-14,72.8446,801.296,1207.61,166.21,-285.542,54.9764,71,0,16184,-16113
2.76343,1.23754e-13,1564.79,1423.98,1451.82,-96.3476,72.3414,54.365,96,0,15809,-15713
2.5944,1.02406e-13,1122.98,768.932,769.908,-226.106,131.574,-42.0953,85,0,14811,-14726
3.5883,2.70947e-13,7.30655,1171.21,1285.79,-41.1349,12.5465,-57.7602,162,0,11202,-11040
2.03111,4.91381e-14,102.257,587.624,573.062,75.7151,-322.65,-432.463,52,0,20811,-20759
3.69963,2.96955e-13,138.759,85.8581,517.493,24.8883,-33.7321,1.09592,172,0,8039,-7867
3.31156,2.12969e-13,1600.41,1496.85,205.781,68.7622,-76.9099,-44.6734,138,0,9110,-8972
3.53843,2.59805e-13,599.469,1501.86,1750.2,58.7539,39.3448,-31.2243,157,0,9942,-9785
3.63518,2.81704e-13,867.213,1517.82,553.488,-124.042,78.2063,-58.5077,166,0,10389,-10223
2.66203,1.10625e-13,998.174,625.128,1395.72,63.1505,80.6643,-49.5104,89,0,15218,-15129
3.73681,3.06e-13,541.829,1565.43,780.074,-81.4141,121.056,-58.1844,175,0,10589,-10414
2.50618,9.23107e-14,1555.77,779.115,811.066,-149.291,9.61466,-36.3247,79,0,18025,-17946
2.16795,5.97537e-14,1486.78,1540.54,983.857,-79.7143,36.5523,-48.7342,59,0,17280,-17221
3.20484,1.93034e-13,1184.86,430.423,1693.69,156.007,77.2539,-71.0695,129,0,12400,-12271
2.42702,8.38376e-14,1286.57,1358.87,570.271,-59.5339,83.3613,-158.103,74,0,16852,-16778
2.78009,1.26007e-13,741.557,1083.14,1227.54,-57.1675,-106.103,79.2468,97,0,11780,-11683
3.84403,3.33101e-13,566.985,1036.33,136.591,-59.628,85.375,101.936,186,0,8498,-8312
2.2342,6.54004e-14,1083.49,350.492,177.457,-171.055,183.824,148.022,63,0,20366,-20303
2.5035,9.20152e-14,215.079,321.877,238.333,-39.7523,-64.4711,-64.8191,79,0,17012,-16933
2.86362,1.37709e-13,102.566,317.814,1655.97,-81.183,27.0721,13.7058,103,0,13460,-13357
2.13545,5.71068e-14,1084.76,477.784,1361.73,-201.293,-96.3782,-135.747,57,0,21134,-21077
3.55491,2.63452e-13,1702.22,986.285,1026.45,57.5713,27.6736,-81.3575,159,0,7138,-6979
3.03125,1.63336e-13,1460.1,150.326,1531.44,210.799,-148.886,20.4728,115,0,14686,-14571
2.24686,6.65188e-14,287.847,1398,152.485,66.2081,215.511,43.6648,63,0,13352,-13289
3.17591,1.87853e-13,168.892,890.214,549.066,-49.4133,43.8216,-129.008,127,0,13260,-13133
3.08058,1.71441e-13,454.504,776.249,464.908,76.7103,103.229,25.7098,119,0,11601,-11482
2.30409,7.17324e-14,83.3299,598.642,806.635,49.9437,226.536,-18.4484,67,0,22298,-22231
2.20841,6.31616e-14,786.969,1537.39,544.404,-132.057,146.723,-195.745,61,0,23534,-23473
3.97541,3.68436e-13,834.09,10.1948,654.761,47.4244,-53.8093,107.202,199,0,8701,-8502
2.38522,7.95796e-14,1116.07,265.331,440.614,-251.502,-82.916,-38.2025,71,0,19571,-19500
3.91929,3.53051e-13,422.341,1528.96,993.36,30.9794,-124.663,-153.858,193,0,8912,-8719
2.46512,8.78474e-14,312.123,1348.9,1197.01,76.0576,85.5651,-203.192,76,0,15076,-15000
2.01175,4.77462e-14,531.325,1710.17,1591.04,-22.2309,-156.7,-33.393,51,0,23234,-23183
3.02086,1.61662e-13,866.257,454.643,1099.17,34.9331,-10.7609,-163.821,115,0,11474,-11359
3.5887,2.71036e-13,142.325,1125.38,976.192,0.318019,-74.174,-140.115,162,0,9930,-9768
3.20936,1.93853e-13,964.587,827.155,202.043,105.04,58.5686,6.64404,129,0,9193,-9064
3.19221,1.90762e-13,1633.22,1098.19,352.852,43.201,96.4454,-134.201,128,0,11988,-11860
3.44893,2.40585e-13,1692.53,583.61,648.298,48.7577,-66.8041,119.606,149,0,8459,-8310
3.46301,2.43543e-13,274.743,972.787,212.257,24.737,-36.3275,-49.038,151,0,9977,-9826
2.06009,5.12718e-14,858.288,513.796,1204.24,415.506,36.0914,212.329,53,0,23620,-23567
3.57157,2.67173e-13,131.509,1016.63,324.129,127.93,-31.9418,-128.649,160,0,10340,-10180
2.0874,5.33374e-14,755.57,118.424,589.272,81.7764,-19.3101,9.16215,55,0,21810,-21755
3.99724,3.74538e-13,369.401,1186.78,340.439,-22.2571,-25.5806,-16.9308,201,0,8104,-7903
2.52632,9.45543e-14,500.716,1102.45,29.6399,8.37902,-52.968,-195.462,80,0,15961,-15881
3.60729,2.7527e-13,1650.24,797.446,1468.73,154.948,-5.91206,-60.9089,164,0,9381,-9217
3.25769,2.02742e-13,756.179,214.178,1240.16,174.505,-115.799,96.5113,133,0,9806,-9673
2.26184,6.78579e-14,1274.03,1706.31,678.669,117.235,206.97,-194.103,64,0,18894,-18830
3.96,3.64167e-13,92.3713,1530.57,1393.62,20.6322,-6.49511,62.6604,197,0,9526,-9329
2.90855,1.44294e-13,1388.91,62.8256,749.299,159.138,189.466,23.8607,106,0,10726,-10620
3.52408,2.56659e-13,22.1349,1069.44,583.497,-41.1254,78.6815,92.3195,156,0,8888,-8732
2.73682,1.20214e-13,1555.59,1483.07,1516.59,99.017,47.1012,-46.953,94,0,13753,-13659
7.29999,2.2813e-12,744.753,1089.52,1636.25,-4.23711,-37.3273,-59.1792,670,0,4473,-3803
6.99477,2.00695e-12,896.844,754.788,654.933,-15.4525,7.62767,-41.9244,615,0,3867,-3252
5.58442,1.0213e-12,1359.42,1615.79,20.3545,-16.8515,52.123,-35.3942,392,0,5080,-4688
5.81986,1.15599e-12,305.527,1730.45,427.621,49.3283,-37.2352,14.5104,426,0,4799,-4373
4.1434,4.17147e-13,726.693,1134.14,1695.96,62.4512,78.4842,76.6219,216,0,8266,-8050
7.09918,2.09817e-12,231.921,965.184,985.602,-18.6372,10.7027,11.5643,633,0,4604,-3971
5.658,1.0622e-12,72.4243,1219.01,214.256,8.43193,-40.684,13.6785,402,0,4800,-4398
7.00084,2.01218e-12,1545.44,1587.43,455.944,-37.088,27.6134,-34.8743,616,0,4815,-4199
6.79845,1.84266e-12,944.628,1572.83,1445.7,-43.4999,3.31612,0.583949,581,0,4632,-4051
6.4723,1.58998e-12,1170.48,547.536,108.932,15.3937,-9.20292,-16.6787,526,0,4485,-3959
7.81459,2.79857e-12,59.4669,222.361,462.266,3.4605,-0.491578,36.0669,767,0,3597,-2830
5.47793,9.63975e-13,1665.47,275.153,68.987,10.7059,-7.29212,-22.0261,377,0,5633,-5256
7.82995,2.8151e-12,1092.87,866.834,1499.33,-1.18129,-21.3654,21.5096,770,0,3548,-2778
5.44682,9.47644e-13,1695.87,1163.31,958.665,9.66608,-12.7023,-69.0419,373,0,5729,-5356
7.78297,2.76473e-12,1121.47,1332.89,863.032,-18.8745,-6.05919,-33.4596,761,0,3210,-2449
4.4731,5.24859e-13,748.049,785.834,17.0203,38.6927,76.4361,126.565,251,0,6676,-6425
5.22969,8.38774e-13,39.2818,741.184,1079.35,-22.6993,-17.9642,77.3603,344,0,6783,-6439
6.19574,1.39475e-12,199.17,500.178,1185.13,39.2201,16.9404,22.2002,482,0,4559,-4077
7.11992,2.11662e-12,1098.71,1712.79,1011.05,-4.88088,-2.24875,-55.0633,637,0,3807,-3170
6.45788,1.57938e-12,801.486,1355.06,1563.81,25.2976,-42.035,10.0822,524,0,4895,-4371
6.04682,1.29657e-12,1600.18,174.549,82.7541,-1.51482,38.5863,32.8399,459,0,5249,-4790
4.00781,3.77517e-13,1719.8,940.343,1251.72,-22.0213,104.321,-74.746,202,0,8424,-8222
7.73793,2.717e-12,1224.36,1594.11,1190.63,-18.6844,30.5613,5.07788,752,0,3635,-2883
4.23944,4.46831e-13,319.743,297.368,1255.95,-139.764,-21.4952,45.2568,226,0,8323,-8097
5.17214,8.11386e-13,1363.06,1101.9,1590.1,-14.3384,6.63114,14.4303,336,0,6261,-5925
4.11382,4.08274e-13,1186.6,1230.01,1535.94,-32.7747,-31.9161,38.6315,213,0,8651,-8438
6.89485,1.92217e-12,1059.62,1514.21,33.1788,-31.0171,-20.9529,-45.5793,597,0,3944,-3347
6.15862,1.36983e-12,1710.67,1642.13,625.988,-28.7573,-20.9787,1.72261,477,0,4593,-4116
6.0064,1.27075e-12,1730.79,1388.13,1624.82,-84.8996,-10.879,65.1412,453,0,5421,-4968
6.8979,1.92472e-12,959.675,85.7232,242.035,-23.6769,19.7615,11.4202,598,0,4366,-3768
6.58162,1.67192e-12,1084.74,137.42,855.981,-14.6597,36.5466,7.20346,544,0,3836,-3292
4.14617,4.17982e-13,909.539,1051.51,351.494,-50.169,-37.1833,54.306,216,0,8748,-8532
7.57525,2.54922e-12,1472.58,1559.68,1437.98,52.2436,-3.63702,41.6513,721,0,3392,-2671
4.76472,6.3435e-13,482.79,1634.31,840.276,55.6678,-32.8463,-52.4908,285,0,6726,-6441
6.65814,1.73092e-12,568.761,494.562,1235.76,-16.598,-10.3828,4.4642,557,0,4156,-3599
4.72839,6.19948e-13,1295.38,972.056,1572.44,-57.6849,46.2694,-23.9658,281,0,6705,-6424
5.09773,7.76866e-13,724.773,1587.43,180.014,-45.265,-34.5134,-60.3397,327,0,5854,-5527
4.02327,3.81905e-13,709.8,862.075,151.649,-32.3996,64.2033,-56.7364,203,0,9456,-9253
7.87959,2.86898e-12,1183.46,1616.07,517.805,20.9889,-7.32147,-32.6721,780,0,3844,-3064
5.27434,8.60439e-13,1101.32,905.839,833.462,10.2453,-11.9189,70.8873,350,0,6636,-6286
4.35031,4.82811e-13,788.949,179.532,658.813,74.058,23.9821,-24.4583,238,0,7845,-7607
5.95823,1.24042e-12,423.78,1059.81,1297.8,-27.6889,35.263,0.878926,446,0,4712,-4266
7.20981,2.1978e-12,875.053,569.079,562.892,-11.9733,-53.8871,36.9095,653,0,3941,-3288
6.72647,1.78475e-12,396.75,1017.22,677.843,-51.4061,-43.2446,23.1137,569,0,4558,-3989
12.3158,1.09547e-11,490.695,1752.58,1260.04,-3.90808,-10.3074,-2.42394,1906,0,1911,-5
10.9502,7.69991e-12,941.525,127.533,1560.03,-11.0039,-19.7376,4.39086,1507,0,2365,-858
11.1305,8.08642e-12,1544.01,1652.49,986.293,1.23592,-22.5834,-4.00612,1557,0,2416,-859
14.0273,1.61858e-11,77.5992,734.664,1519.91,-31.8534,-7.5171,11.6139,2473,0,1684,789
13.5886,1.47144e-11,1303.09,1753.89,923.105,4.5697,4.84221,0.802382,2320,0,2152,168
13.2298,1.35793e-11,919.257,940.632,1268.28,-3.026,9.74939,9.91507,2199,0,1935,264
12.9767,1.28148e-11,76.1461,1745.48,147.378,-11.2146,-17.5527,4.61953,2116,0,1834,282
12.0013,1.01368e-11,1656.12,1122.77,540.65,3.86552,6.41939,-2.85231,1810,0,2049,-239
9.40765,4.88271e-12,89.6565,1567.19,378.849,14.052,11.6827,20.9168,1112,0,2623,-1511
12.2309,1.07299e-11,597.05,1417.95,891.035,-6.86821,16.7411,12.1076,1880,0,2321,-441
15.0156,1.98537e-11,563.482,1007.65,582.78,5.22909,6.77659,4.4393,2833,0,1437,1396
10.2644,6.34195e-12,1737.35,75.985,953.117,14.3371,10.1736,7.98189,1324,0,2363,-1039
11.5488,9.03291e-12,836.823,1476.42,1215.39,3.01595,3.49016,22.1593,1676,0,2200,-524
12.7484,1.21501e-11,1024.69,552.509,1161.12,-16.3245,18.5229,-10.2086,2042,0,1875,167
11.0695,7.9543e-12,439.375,565.991,1713.03,-2.79325,2.95705,28.8076,1540,0,2204,-664
10.3096,6.42594e-12,378.194,961.039,998.665,-7.42614,-11.1582,-27.3271,1336,0,2587,-1251
9.87587,5.64863e-12,1439.57,1340.62,1733.15,3.91729,4.10721,12.5319,1226,0,2387,-1161
8.95849,4.2162e-12,524.253,1703.89,800.085,-6.41445,13.4656,34.3895,1009,0,3677,-2668
11.2385,8.32417e-12,1359.75,1296.5,1272.62,-6.09408,-21.6639,-6.30224,1587,0,2162,-575
13.1477,1.33281e-11,1087.4,377.237,1435.43,-8.43874,-25.8059,-23.2906,2172,0,1956,216
11.4765,8.86425e-12,1413.55,1716.34,1287.39,-13.0312,-6.90473,13.0146,1655,0,2372,-717
8.61626,3.75122e-12,801.044,124.498,1089.52,-39.2324,32.7996,-12.0993,933,0,2988,-2055
13.4864,1.43848e-11,380.858,1740.14,676.674,12.5366,10.4764,-1.66493,2286,0,1660,626
10.8063,7.40027e-12,24.725,1455.99,1316.53,22.5564,7.63198,12.9397,1467,0,2550,-1083
8.97726,4.24276e-12,613.709,771.616,1279.98,9.66345,-27.5613,12.7265,1013,0,2877,-1864
11.8868,9.84939e-12,1706.23,1716.75,1755.94,5.45489,-12.3675,-13.0868,1776,0,1906,-130
11.3559,8.58774e-12,856.579,148.547,1662.34,-1.81929,-15.9805,-6.94645,1621,0,2315,-694
11.3402,8.55231e-12,105.488,528.442,1032.91,-21.6906,-0.0918957,-3.26055,1616,0,2206,-590
14.8307,1.91294e-11,902.92,1654.42,1364.26,6.57412,-13.444,0.923821,2764,0,1503,1261
10.7693,7.32462e-12,1157.97,49.1862,1477.92,39.1913,21.6276,-4.98315,1457,0,2244,-787
10.5536,6.89317e-12,1653.21,998.535,1613.45,14.0049,-5.69599,-4.65869,1400,0,2111,-711
30.418,1.65048e-10,1246.83,330.743,821.265,-1.71955,-0.452797,2.45619,11627,0,789,10838
15.5982,2.22554e-11,1593.72,1453.14,1118.75,7.29628,1.99465,-11.6354,3057,0,1518,1539
20.4757,5.03425e-11,473.271,966.394,558.644,9.12102,10.6932,2.87116,5269,0,1136,4133
19.3248,4.23215e-11,1681.93,214.976,44.1933,7.79409,-3.40311,-7.00253,4693,0,1135,3558
23.6031,7.7112e-11,908.611,785.174,1254.56,2.31555,3.36648,1.92802,7001,0,1092,5909
19.266,4.19365e-11,1541.53,1366.67,1619.01,4.89623,-6.47747,8.78184,4664,0,1261,3403
18.8408,3.92207e-11,1435.9,1236.74,408.613,-3.73057,-0.00361507,-1.15324,4461,0,1299,3162
18.3982,3.65208e-11,1227.01,982.461,1157.58,3.36656,9.56733,-3.80101,4254,0,1285,2969
28.3813,1.34064e-10,427.084,160.44,191.547,-4.00776,-1.24311,-1.79821,10122,0,972,9150
27.6844,1.24429e-10,1201.52,1492.97,206.073,-0.520942,1.40041,4.72258,9631,0,918,8713
26.5716,1.10019e-10,379.627,1702.58,1588.53,-3.85904,2.89512,2.45298,8872,0,1046,7826
30.0511,1.59147e-10,476.314,274.668,1492.81,-3.775,-2.03305,-5.30467,11348,0,824,10524
21.9794,6.22681e-11,638.089,707.806,1687.5,6.53756,5.74159,7.63604,6071,0,1133,4938
20.184,4.8221e-11,1652.21,945.2,1122.02,-3.87187,5.92385,3.64298,5119,0,1277,3842
16.3929,2.58334e-11,1231.86,400.253,1658.76,2.52665,2.56604,1.90717,3377,0,1380,1997
15.5205,2.19246e-11,180.813,1310.86,1425.24,2.82779,2.93891,1.60303,3027,0,1557,1470
20.2058,4.83775e-11,1206.76,1061.64,1066.61,-5.5818,1.36037,3.7649,5131,0,1145,3986
20.1079,4.76776e-11,1560.84,682.104,387.852,-4.93152,-0.163857,-2.9675,5081,0,1160,3921
21.3394,5.69855e-11,530.195,465.408,1327.81,6.83152,-3.29691,-1.05745,5722,0,1072,4650
21.9241,6.17989e-11,1293.34,145.497,1581.84,1.94663,1.35701,0.244514,6040,0,1030,5010
18.9486,3.98974e-11,1033.52,855.235,1091.59,-0.215375,-5.83649,-2.05832,4512,0,1237,3275
30.2904,1.6298e-10,394.743,883.881,1630.73,1.33689,7.61378,4.23881,11530,0,886,10644
17.1652,2.96594e-11,637.568,954.236,1504.94,-2.0555,-4.05763,-7.7258,3703,0,1359,2344
26.2571,1.06159e-10,79.1175,603.257,497.481,5.0837,-0.244649,-2.71353,8664,0,916,7748
23.9692,8.0756e-11,750.759,711.155,1497.95,5.45044,-1.4451,-0.421295,7220,0,880,6340
22.834,6.98169e-11,950.993,1168.79,1420.45,-1.52727,-5.29701,2.09083,6552,0,1030,5522
39.5662,3.63236e-10,376.942,1619.65,583.606,2.79277,0.23232,-1.46835,19672,0,778,18894
58.7407,1.1886e-09,1396.59,1527.94,1031.02,1.10243,1.1666,-0.567591,43360,0,744,42616
38.9648,3.46923e-10,381.371,1148.68,164.121,-2.46387,0.000145725,3.33415,19079,0,745,18334
46.86,6.03425e-10,1686.25,636.834,411.099,1.43555,0.0645469,0.690296,27594,0,719,26875
48.9645,6.88431e-10,485.713,1485.5,1645.84,0.106969,-2.29884,-0.101114,30128,0,725,29403
50.4168,7.51525e-10,975.722,280.763,1242.21,-2.8333,-1.55297,3.03593,31942,0,801,31141
56.6242,1.06469e-09,1304.15,219.568,122.372,-0.12119,-0.379346,-2.47279,40292,0,760,39532
49.1544,6.96473e-10,1672.71,751.374,1135.28,-0.542519,0.476766,0.842956,30362,0,740,29622
42.0607,4.3636e-10,1401.32,1035.01,727.721,0.173493,2.18115,1.88713,22231,0,752,21479
58.3096,1.16262e-09,801.144,1031.25,1330.01,-0.562991,-0.529324,0.600277,42726,0,744,41982
48.67,6.76083e-10,113.207,793.621,145.804,-1.32696,-0.351522,0.131817,29767,0,764,29003
48.7607,6.79871e-10,1174.24,1611.05,1356.44,-0.252578,-1.27712,0.126413,29878,0,732,29146
43.6786,4.88677e-10,257.002,462.707,779.019,0.440803,-3.03933,2.68335,23974,0,756,23218
61.3591,1.35473e-09,1253.36,347.739,564.474,-1.1376,-1.00933,-0.197639,47312,0,843,46469
45.2281,5.42554e-10,1276.86,535.231,1245.09,-0.951142,-1.49841,0.996845,25706,0,737,24969
45.6771,5.58872e-10,377.621,707.334,1558.37,-0.0354396,-2.69538,0.811933,26218,0,704,25514
34.5179,2.41185e-10,1311.85,769.901,1527.45,2.9949,0.65941,-1.39124,14973,0,748,14225
56.6758,1.0676e-09,531.077,1583.02,543.128,-0.383509,-0.496549,-1.61851,40365,0,751,39614
49.5436,7.13148e-10,1523.1,1688.61,1566.54,2.65054,0.100766,0.924593,30845,0,807,30038
58.797,1.19202e-09,1121.84,417.53,102.372,2.16972,-0.863287,0.661765,43443,0,748,42695
44.6111,5.2065e-10,1061.66,92.981,1722.01,-1.55084,0.414651,-2.23552,25009,0,728,24281
60.7783,1.31662e-09,301.745,953.523,932.229,-0.701823,-1.59367,-0.432103,46420,0,763,45657
52.1287,8.30706e-10,1529.88,1198,379.257,2.15129,2.7481,2.69169,34148,0,756,33392
46.3664,5.84556e-10,1102.8,53.7877,123.941,-1.51048,1.55123,-0.442418,27016,0,680,26336
32.6729,2.04541e-10,1608.66,1165.39,193.308,7.06073,-2.84296,-0.937027,13415,0,726,12689
41.5588,4.20927e-10,1293.4,1723.81,1093.89,0.210506,-2.08229,-0.154676,21704,0,798,20906
39.7035,3.67031e-10,452.607,361.345,1106.12,-1.73487,1.80546,0.135644,19809,0,743,19066
50.073,7.36254e-10,1403.93,913.228,1351.32,-0.201528,-0.136746,0.33422,31508,0,675,30833
37.4827,3.08823e-10,1617.28,1535.06,1560.1,0.221457,-3.24258,-5.63036,17655,0,699,16956
33.9965,2.30421e-10,942.036,1138.11,41.9513,-2.20266,2.41234,2.22755,14524,0,787,13737
48.2957,6.60603e-10,729.879,1277.83,1060.88,0.357473,1.06375,-0.946997,29311,0,755,28556
45.1831,5.40934e-10,1309.51,769.774,378.105,0.583066,-1.73813,-0.701979,25654,0,715,24939
35.5112,2.62611e-10,672.691,477.798,864.206,3.89658,0.618287,-0.104267,15847,0,735,15112
33.9184,2.28834e-10,645.431,712.531,754.553,2.33917,0.360018,-4.55004,14457,0,717,13740
34.2929,2.36498e-10,1021.34,69.5209,95.1831,1.66751,2.90746,-0.329117,14778,0,744,14034
46.5878,5.92971e-10,442.249,1451.56,971.499,1.18858,-1.51914,-0.106858,27274,0,653,26621
44.4731,5.15834e-10,1286.65,1269.63,1127.31,-0.394965,1.10197,0.778642,24855,0,728,24127
45.2531,5.43453e-10,186.59,222.242,1447.31,-2.57032,-2.37947,1.88509,25734,0,750,24984
48.8636,6.84182e-10,979.357,283.209,1394.89,-0.80548,-0.347702,0.664048,30004,0,734,29270
53.7928,9.12828e-10,752.797,842.074,1069.45,-2.10473,-1.74528,1.13912,36363,0,791,35572
34.5771,2.42428e-10,378.866,1331.78,325.518,3.95738,-6.41733,2.62514,15024,0,794,14230
60.8316,1.32009e-09,1559.46,505.406,977.728,0.17287,-0.00220239,0.842382,46502,0,810,45692
51.8019,8.15181e-10,1078.39,1657.69,1557.02,-2.69977,0.929621,0.48822,33721,0,711,33010
40.924,4.01929e-10,323.193,1229.7,683.586,1.18621,0.723418,-0.422231,21046,0,771,20275
48.0853,6.52009e-10,98.4581,1451.35,507.526,-1.98101,-0.768627,-1.64606,29056,0,726,28330
50.3907,7.50357e-10,1668.4,1178.11,111.664,-0.11961,-1.25528,-2.7658,31909,0,772,31137
35.0464,2.52433e-10,1149.51,84.2719,1548.33,1.95938,-2.43309,1.09218,15435,0,788,14647
61.3528,1.35431e-09,702.404,493.757,1097.72,0.430297,0.262804,-0.617602,47302,0,750,46552
58.8065,1.19259e-09,534.944,1663.6,632.843,1.11218,0.839851,0.689592,43457,0,716,42741
47.342,6.22239e-10,1162.17,1503.92,1680.76,-0.424672,1.66822,-0.0567856,28165,0,709,27456
43.5178,4.833e-10,1078.35,1288.37,649.793,-2.06705,-0.448311,-1.1413,23798,0,721,23077
53.2491,8.85426e-10,1116.09,1184.33,830.749,-0.606053,-0.881222,-0.0927308,35631,0,752,34879
45.8883,5.66661e-10,1417.1,480.498,675.232,-2.58391,1.08327,1.99463,26461,0,744,25717
53.1459,8.80293e-10,832.965,1671.75,914.287,2.76279,-1.11835,1.73523,35494,0,738,34756
34.4786,2.40362e-10,157.53,805.638,1580.39,4.21742,5.89217,3.23031,14939,0,793,14146
53.1311,8.79557e-10,291.874,1317.27,1466.21,0.652791,-0.763541,1.87747,35474,0,731,34743
40.9474,4.02622e-10,485.134,982.908,1557.55,-1.18902,0.360716,1.88361,21070,0,798,20272
57.5175,1.11588e-09,1635.34,199.074,665.317,-1.09823,-0.402999,-0.203658,41573,0,682,40891
50.9183,7.74172e-10,1544.91,1018.06,1242.23,0.051432,0.500114,0.93931,32580,0,692,31888
54.1577,9.31529e-10,1239.8,75.4876,1370.93,0.601722,-1.041,1.81218,36858,0,753,36105
49.9372,7.3028e-10,949.197,1554.68,1592.04,-1.94791,-2.06034,-0.110375,31337,0,777,30560
40.4029,3.86771e-10,396.177,1219.02,1213.13,-2.90913,-0.399226,-1.49231,20513,0,793,19720
48.14,6.54237e-10,1440.34,1160.04,1477.15,2.88405,1.45853,2.10437,29122,0,735,28387
59.2664,1.22079e-09,188.324,1291.11,424.644,1.48183,0.134809,-0.815294,44139,0,775,43364
42.5658,4.52272e-10,581.704,584.555,475.903,-2.03611,-2.59958,3.93515,22768,0,702,22066
57.5173,1.11587e-09,312.081,809.747,1690.2,0.55164,-1.72271,0.945229,41573,0,788,40785
46.2502,5.80171e-10,54.6801,1633.7,937.816,0.495256,1.30239,0.633936,26880,0,694,26186
51.9476,8.22076e-10,780.143,141.851,52.8231,0.284702,-2.89572,-0.118951,33911,0,695,33216
83.1373,3.3698e-09,1568.33,1206.24,1102.96,0.773485,-0.90516,0.824516,86856,0,999,85857
105.515,6.8891e-09,1126.44,210.499,1060.16,0.830429,0.242654,0.351289,139907,0,1251,138656
68.7914,1.90906e-09,753.487,246.593,1650.78,-1.31749,0.357605,0.501755,59467,0,859,58608
104.969,6.78275e-09,364.024,1540.77,204.373,-0.0851631,-0.361399,0.517046,138464,0,1248,137216
122.859,1.08753e-08,1076.6,699.339,261.848,0.205001,-0.0145837,-0.234755,189683,0,1542,188141
91.174,4.44458e-09,530.716,837.811,664.8,0.741105,0.0872406,0.955168,104461,0,1018,103443
107.252,7.23491e-09,1112.98,627.274,1240.69,-0.205168,0.104662,-0.293028,144551,0,1294,143257
72.7393,2.25696e-09,1363.72,1186.17,1272.79,0.919287,0.313691,-0.0445356,66489,0,895,65594
78.2436,2.80907e-09,787.09,1657.44,1159.85,0.40232,-0.926367,-0.830318,76932,0,981,75951
119.379,9.97709e-09,853.287,1375.91,890.208,0.181177,0.308218,-0.566964,179089,0,1470,177619
75.6449,2.53837e-09,450.767,581.469,650.376,-0.118349,-0.479832,1.09801,71907,0,905,71002
69.0703,1.93237e-09,1020.16,1327.54,431.177,0.626244,1.12668,-0.618308,59950,0,825,59125
68.0835,1.85072e-09,943.789,1690.82,1030.06,1.12084,-1.09773,-1.29903,58250,0,805,57445
87.1713,3.88452e-09,810.782,1290.58,1478.05,-0.232245,0.476618,0.14124,95490,0,997,94493
100.161,5.89269e-09,1333.35,1513.45,1631.77,0.633294,0.264916,-0.252848,126069,0,1229,124840
75.9364,2.56783e-09,1670.84,381.309,1014.71,0.797034,0.138436,-0.610012,72462,0,870,71592
79.1344,2.90611e-09,165.263,712.638,966.788,0.649216,-0.132188,0.268372,78694,0,909,77785
76.2692,2.60175e-09,1382.13,1011.07,360.837,0.610902,-1.21168,-1.44803,73099,0,877,72222
78.1017,2.79382e-09,732.591,1107.19,772.939,-0.234417,-0.649587,-0.381867,76653,0,866,75787
65.3531,1.63687e-09,1377.69,1364.03,908.123,-0.982146,0.120255,-0.644827,53671,0,812,52859
82.0809,3.24297e-09,1595.69,447.213,1590.42,0.122313,0.378631,-0.556178,84663,0,888,83775
121.524,1.05245e-08,1625.85,1359.7,509.091,-0.568175,0.496137,-0.0734316,185580,0,1572,184008
79.4451,2.94048e-09,1486.06,830.401,282.218,-0.902501,-0.299087,0.730025,79313,0,973,78340
115.931,9.13732e-09,616.589,1434.67,702.49,-0.383684,-0.00121411,0.993517,168893,0,1384,167509
82.4049,3.28152e-09,559.609,1468.12,1154.74,-0.523792,0.779699,-0.574917,85333,0,894,84439
121.31,1.04691e-08,1508.66,1598.16,1177.04,-0.34245,0.34401,-0.589413,184929,0,1479,183450
94.7602,4.98992e-09,844.624,614.36,121.893,0.301665,-0.707761,0.011068,112840,0,1131,111709
77.8453,2.76639e-09,1589.15,1028.19,177.164,-0.403758,0.038145,-0.902519,76151,0,870,75281
99.476,5.7726e-09,427.562,1076.14,917.572,0.150772,-0.391538,0.356321,124350,0,1192,123158
124.258,1.1251e-08,1385.98,255.98,1533.33,0.25795,-0.03298,-0.311279,194026,0,1563,192463
116.596,9.29539e-09,769.046,118.765,1412.78,0.167806,-0.268379,-0.147767,170835,0,1511,169324
124.694,1.13697e-08,548.592,221.606,767.519,-0.261447,0.0361155,0.0193123,195389,0,1519,193870
87.0266,3.86521e-09,885.657,1611.07,377.24,-0.394146,0.0486532,-0.280126,95173,0,1002,94171
78.1075,2.79444e-09,1029.15,1689.9,1209.62,-0.0108155,0.358122,-0.79966,76665,0,917,75748
86.0525,3.73687e-09,88.154,1308.74,708.718,0.339602,-0.0570213,-0.336003,93054,0,1029,92025
113.262,8.52058e-09,474.729,723.229,873.569,-0.058807,-0.551815,0.928201,161205,0,1449,159756
97.8173,5.48862e-09,246.748,424.07,1585.12,-0.37202,-0.0278141,0.216106,120238,0,1065,119173
121.36,1.04819e-08,559.071,229.657,393.443,-0.0672029,-0.277296,0.091812,185080,0,1455,183625
93.1538,4.74043e-09,969.902,1062.77,789.02,0.603874,-0.243724,0.643677,109046,0,1038,108008
123.45,1.10329e-08,802.163,1182.3,178.654,0.966559,-0.243392,0.195767,191511,0,1563,189948
97.028,5.35683e-09,1335.12,175.336,767.25,0.236822,0.994848,-0.578758,118305,0,1086,117219
115.299,8.98863e-09,1610.73,1090.5,1392.03,0.413321,-0.0277631,0.458135,167056,0,1456,165600
69.2622,1.94853e-09,1033.8,1576.78,1400.68,-0.416788,-1.72913,0.291951,60284,0,807,59477
87.2995,3.90169e-09,1069.39,1669.57,709.362,0.603839,0.739218,-0.254111,95771,0,1015,94756
115.723,9.08807e-09,1431.7,173.691,242.829,-0.102132,0.675259,-0.00205204,168285,0,1357,166928
75.2203,2.49587e-09,1207.68,226.229,259.207,0.989809,0.956489,0.0745741,71102,0,868,70234
81.28,3.14897e-09,94.6319,492.304,609.244,0.168059,-1.00418,-0.841107,83019,0,944,82075
65.3027,1.63309e-09,1398.82,484.295,1000.1,0.692865,0.109535,0.952365,53589,0,779,52810
71.4362,2.13782e-09,81.8591,170.314,1586.37,0.00197671,0.0598099,0.0527383,64128,0,860,63268
122.61,1.08093e-08,200.613,144.926,1156.96,0.52215,-0.571102,0.340152,188914,0,1485,187429
80.4591,3.05451e-09,461.832,411.909,693.924,-1.88547,-0.733711,1.13308,81350,0,881,80469
86.2309,3.76015e-09,689.587,508.302,585.279,0.910528,-0.700635,-0.852166,93441,0,991,92450
113.586,8.59398e-09,497.343,331.439,1624.19,0.12974,-0.0350395,-0.127923,162129,0,1357,160772
94.6777,4.9769e-09,773.253,950.848,150.61,0.150863,-1.27381,0.629449,112643,0,1109,111534
69.1493,1.93901e-09,607.545,1186.13,935.928,-0.177476,0.939548,1.01637,60088,0,805,59283
104.023,6.60097e-09,714.043,1071.23,1484.05,0.167642,0.409441,-0.096642,135979,0,1220,134759
107.962,7.37964e-09,457.1,137.26,1386.83,0.012876,-0.689042,-0.398287,146472,0,1318,145154
71.1292,2.11038e-09,1314.72,678.103,1360.87,-1.41997,0.945532,-0.904532,63578,0,857,62721
121.802,1.05969e-08,1248.43,655.277,732.406,0.0219641,0.873196,-0.425273,186431,0,1568,184863
106.015,6.98754e-09,938.84,1373.26,113.077,0.0292665,0.29761,0.0300046,141237,0,1286,139951
79.9045,2.99179e-09,674.642,1443,167.804,-0.659881,0.860064,0.48193,80233,0,925,79308
83.8479,3.45695e-09,291.615,1215.05,1299.53,0.79472,0.654912,0.918169,88347,0,988,87359
113.399,8.55162e-09,1598.9,1486.76,945.451,0.925422,0.129304,0.220036,161596,0,1304,160292
87.6134,3.94392e-09,662.956,268.679,208.918,-0.0430015,0.368515,-0.237406,96461,0,1018,95443
107.488,7.28268e-09,396.026,1199.37,485.974,0.178838,0.0898142,-0.859461,145187,0,1338,143849
77.7505,2.7563e-09,314.636,361.728,1400.51,0.601122,1.16123,0.392573,75966,0,923,75043
82.3007,3.26909e-09,199.251,1447.36,905.566,-0.426139,1.25694,0.824345,85117,0,897,84220
108.863,7.5658e-09,645.6,1237.42,1628.5,-0.0162692,0.478003,0.4579,148925,0,1347,147578
115.055,8.93178e-09,342.736,840.63,513.456,0.330526,-0.388072,-0.142422,166350,0,1442,164908
96.8159,5.32178e-09,1546.04,980.867,419.851,0.51778,-1.37579,-0.507266,117789,0,1113,116676
62.755,1.44931e-09,1315.77,612.282,932.818,1.77895,0.952295,-0.0382206,49489,0,766,48723
84.6753,3.56031e-09,635.465,258.529,1333.47,-0.294489,-0.744428,-0.550542,90100,0,1076,89024
106.042,6.9927e-09,648.326,926.407,1260.71,0.548762,0.340141,0.263476,141307,0,1249,140058
114.537,8.81167e-09,1209.14,929.294,154.479,0.754641,-0.230802,0.380725,164856,0,1396,163460
116.022,9.15884e-09,1447.77,758.018,1638.43,0.8284,0.0569323,-0.301535,169158,0,1398,167760
86.5317,3.79964e-09,274.751,1525.96,590.509,-0.712386,0.012362,0.311416,94094,0,952,93142
81.2931,3.15049e-09,673.671,1206.68,1163.52,-0.655475,-0.995136,0.642385,83046,0,867,82179
92.1067,4.58237e-09,505.464,481.003,855.516,-0.0549578,0.34635,-0.404776,106609,0,1101,105508
115.241,8.97506e-09,1160.52,1038.89,489.458,-0.160883,-0.120472,0.189707,166887,0,1413,165474
81.8303,3.21335e-09,1304.66,1617.33,1345.75,-0.966265,0.92012,-1.11898,84147,0,928,83219
88.5455,4.07114e-09,1430.85,502.047,1355.54,-0.337949,0.732767,0.880663,98524,0,1083,97441
122.496,1.07792e-08,943.05,1107.44,1164.66,-0.522682,0.112972,-0.098966,188563,0,1526,187037
124.081,1.12029e-08,599.68,664.856,1431.64,-0.0261388,0.764691,0.181012,193472,0,1481,191991
112.208,8.28499e-09,897.868,894.432,979.531,0.453239,-0.282004,-0.0358168,158220,0,1430,156790
62.5423,1.43463e-09,1656.93,393.526,294.141,-1.07348,-0.101948,1.44386,49154,0,775,48379
102.11,6.24339e-09,351.45,460.953,1187.94,0.277468,-0.33369,0.704984,131022,0,1193,129829
113.327,8.53528e-09,127.988,1653.16,458.542,-0.149438,-0.705731,0.233318,161390,0,1398,159992
103.531,6.50778e-09,1471.85,621.283,841.046,-0.0706063,0.2349,0.95031,134696,0,1155,133541
112.773,8.41077e-09,190.755,772.622,324.628,-0.451611,0.433193,0.546122,159817,0,1401,158416
121.294,1.04648e-08,1045.08,644.979,1561.96,0.160175,0.176878,-0.38245,184878,0,1526,183352
96.4753,5.26581e-09,263.694,1271.86,1108.21,-1.00284,0.587044,-0.732201,116961,0,1105,115856
120.216,1.01885e-08,295.189,213.584,140.646,0.534612,0.631134,-0.648861,181609,0,1394,180215
116.351,9.23699e-09,631.885,1409.11,446.68,-0.30309,0.677222,-0.194034,170119,0,1478,168641
70.4029,2.04639e-09,639.775,74.247,892.8,-1.02931,-0.586124,-0.528654,62286,0,882,61404
100.296,5.91653e-09,749.222,323.809,1117.86,0.834344,-0.977096,-0.821997,126409,0,1146,125263
63.28,1.48599e-09,1498.31,365.389,1704.69,-0.257271,0.185175,-1.28581,50320,0,783,49537
87.713,3.95738e-09,939.822,110.608,1126.47,-0.764922,-0.457454,0.476375,96680,0,1038,95642
68.8756,1.91608e-09,299.226,546.686,156.778,1.18393,1.48245,-0.215148,59613,0,818,58795
111.381,8.10311e-09,1047.57,1389.72,1197.66,-0.152674,-0.00268652,0.11599,155895,0,1338,154557
101.884,6.20204e-09,621.885,1548.78,1627.48,-0.1,-0.301636,0.0138412,130443,0,1249,129194
106.58,7.09978e-09,1574.82,965.015,852.552,-0.95434,-0.509673,-0.22697,142745,0,1289,141456
93.2662,4.75761e-09,1607.08,1182.35,877.07,0.889926,0.0402215,0.71705,109310,0,1030,108280
62.981,1.46503e-09,253.113,202.554,734.15,-0.580392,1.22176,0.919052,49846,0,800,49046
121.815,1.06002e-08,129.03,877.397,770.46,0.0290734,0.342436,-0.612263,186470,0,1534,184936
235.064,7.61682e-08,312.56,813.626,1235.22,0.0167715,-0.310122,0.116445,694355,0,4410,689945
209.057,5.35808e-08,981.932,464.978,867.389,-0.102142,-0.130285,-0.0337597,549210,0,3723,545487
170.457,2.90443e-08,321.377,1545.8,1356.96,-0.0202618,-0.0909806,-0.362286,365124,0,2523,362601
162.084,2.49708e-08,781.529,1180.02,500.358,0.275217,-0.680506,0.668736,330132,0,2450,327682
192.473,4.18144e-08,782.174,765.969,410.741,0.107578,-0.235802,0.236,465532,0,3243,462289
185.31,3.73176e-08,1395.42,1328.11,212.626,0.132546,0.302272,0.033038,431527,0,2938,428589
190.174,4.0334e-08,245.779,314.549,463.864,-0.10524,-0.0012713,-0.117679,454478,0,3036,451442
201.293,4.78304e-08,1478.99,218.854,1170.22,-0.190883,0.103911,0.0352689,509176,0,3396,505780
195.536,4.38424e-08,916.004,323.153,422.405,0.204769,-0.069699,-0.0978197,480465,0,3184,477281
